230293.0	5.749180843999912E7
460080.0	1.1494256635000062E8
690119.0	1.7235331938999757E8
919439.0	2.2965236602999744E8
1149908.0	2.872771869700042E8
1378967.0	3.4459259329000616E8
1608728.0	4.020449674200014E8
1838477.0	4.5946312192000496E8
2068751.0	5.1711233406000614E8
2298824.0	5.746521671700023E8
2528491.0	6.321337567299942E8
2758921.0	6.897550357700188E8
2989071.0	7.472505254700156E8
3218293.0	8.044477757100221E8
3448225.0	8.620468616000015E8
3678189.0	9.195103387099767E8
3908426.0	9.770235042899572E8
4138476.0	1.0344579532599583E9
